2003 1 1 -1.6 5.0 6.6 30 0 6.7 
2003 1 2 -5.0 -1.1 6.6 -1 13 9.8 
2003 1 3 -5.0 0.0 3.3 -1 3 10.2 
2003 1 4 -3.3 1.1 3.3 -1 25 12.5 
2003 1 5 -3.8 -1.6 3.3 -1 0 5.3 
2003 1 6 -3.8 -1.6 0.0 30 0 3.5 
2003 1 7 -4.4 -2.2 -1.1 30 0 6.2 
2003 1 8 -7.2 -2.2 2.7 51 0 6.7 
2003 1 9 -6.6 1.6 4.4 30 3 6.2 
2003 1 10 -2.7 1.1 4.4 -1 3 8.0 
2003 1 11 -6.1 -3.3 -1.1 -1 0 9.8 
2003 1 12 -5.5 -1.6 1.1 -1 0 9.3 
2003 1 13 -5.0 -1.6 2.7 -1 0 9.8 
2003 1 14 -8.8 -5.0 0.0 -1 0 9.3 
2003 1 15 -10.0 -6.6 -3.3 -1 0 6.2 
2003 1 16 -10.0 -5.0 -2.2 -1 0 7.1 
2003 1 17 -6.1 -3.8 -1.1 -1 0 5.8 
2003 1 18 -17.2 -11.6 -4.4 -1 0 6.7 
2003 1 19 -10.0 -7.7 -3.8 -1 0 6.2 
2003 1 20 -11.1 -5.0 -1.1 -1 0 12.0 
2003 1 21 -12.2 -8.8 -1.1 -1 0 10.2 
2003 1 22 -13.8 -11.1 -7.7 -1 0 10.2 
2003 1 23 -16.1 -12.7 -7.7 -1 0 10.2 
2003 1 24 -13.3 -9.4 -2.7 -1 0 8.4 
2003 1 25 -13.8 -6.1 -1.6 -1 0 6.7 
2003 1 26 -10.0 -2.7 1.1 -1 0 5.3 
2003 1 27 -12.2 -5.5 1.1 -1 0 8.4 
2003 1 28 -17.2 -12.2 -2.7 -1 0 8.9 
2003 1 29 -7.2 -5.0 -2.2 -1 0 5.8 
2003 1 30 -7.2 -3.3 1.1 -1 0 4.0 
2003 1 31 -2.2 -0.5 2.7 -1 0 5.3 
2003 2 1 0.0 0.5 6.1 -1 0 6.7 
2003 2 2 0.0 1.6 2.2 30 8 8.4 
2003 2 3 0.5 4.4 7.2 30 5 9.8 
2003 2 4 1.6 4.4 7.7 -1 5 8.4 
2003 2 5 -2.7 1.6 6.1 -1 5 9.8 
2003 2 6 -7.2 -4.4 -1.1 -1 0 8.0 
2003 2 7 -6.6 -2.7 -1.1 279 8 4.9 
2003 2 8 -9.4 -5.0 -2.2 201 3 6.7 
2003 2 9 -7.7 -3.8 2.2 150 0 6.2 
2003 2 10 -8.3 -1.6 2.2 130 0 4.9 
2003 2 11 -8.3 -4.4 2.2 130 0 10.2 
2003 2 12 -9.4 -6.1 0.0 130 0 12.5 
2003 2 13 -12.2 -9.4 0.0 99 0 9.8 
2003 2 14 -17.7 -11.6 -5.5 79 0 8.0 
2003 2 15 -17.7 -11.1 -6.1 79 0 6.7 
2003 2 16 -17.7 -14.4 -8.8 79 0 7.1 
2003 2 17 -17.7 -7.2 -2.7 130 3 12.0 
2003 2 18 -8.8 -4.4 -2.2 429 10 8.4 
2003 2 19 -8.8 -1.1 4.4 361 0 4.9 
2003 2 20 2.2 4.4 9.4 231 0 6.2 
2003 2 21 -1.1 5.0 11.6 201 0 5.8 
2003 2 22 -1.6 3.3 11.6 150 15 8.9 
2003 2 23 1.6 2.2 4.4 79 25 9.8 
2003 2 24 -4.4 -0.5 4.4 51 5 11.6 
2003 2 25 -7.2 -2.7 1.1 51 0 9.8 
2003 2 26 -14.4 -10.5 -1.1 51 0 6.7 
2003 2 27 -10.0 -6.1 -2.2 51 0 3.5 
2003 2 28 -10.0 -2.7 -0.5 51 0 4.0 
2003 3 2 -4.4 1.6 5.0 30 23 5.8 
2003 3 3 -11.1 -3.8 5.0 30 20 12.5 
2003 3 4 -12.7 -7.7 2.2 -1 0 8.9 
2003 3 5 0.0 3.3 7.2 -1 5 8.0 
2003 3 6 -6.1 2.2 7.7 150 3 6.2 
2003 3 7 -12.2 -7.2 -2.2 79 3 6.2 
2003 3 8 -3.8 0.0 6.1 79 0 7.1 
2003 3 9 -2.7 5.0 9.4 -1 0 9.8 
2003 3 10 -8.8 -5.5 -0.5 -1 0 10.2 
2003 3 11 -7.7 -3.8 3.3 -1 0 9.8 
2003 3 12 -8.3 4.4 11.6 -1 0 8.4 
2003 3 13 -2.2 3.3 11.6 -1 5 5.8 
2003 3 14 -8.8 -5.0 -1.1 30 5 6.7 
2003 3 15 -8.8 -0.5 2.7 30 0 4.9 
2003 3 16 -2.2 1.1 5.5 -1 0 4.0 
2003 3 17 -1.1 6.6 16.1 -1 0 3.5 
2003 3 18 2.2 4.4 7.2 -1 0 3.5 
2003 3 19 -1.1 0.0 6.1 -1 0 6.7 
2003 3 20 -2.7 1.1 6.1 -1 0 4.0 
2003 3 21 -2.7 10.0 17.2 -1 10 6.2 
2003 3 22 3.8 8.3 17.2 -1 5 6.7 
2003 3 23 4.4 8.3 11.6 -1 0 6.7 
2003 3 24 2.2 6.1 11.6 -1 0 4.9 
2003 3 25 1.6 5.5 13.3 -1 0 7.1 
2003 3 26 1.6 10.5 20.0 -1 0 6.7 
2003 3 27 5.0 10.0 20.0 -1 3 6.7 
2003 3 28 2.7 10.0 17.7 -1 0 6.7 
2003 3 29 2.7 12.7 20.5 -1 0 9.8 
2003 3 30 3.8 10.0 20.5 -1 30 8.9 
2003 3 31 -1.1 1.6 3.8 -1 15 8.9 
2003 4 1 -2.2 1.1 6.6 -1 0 6.7 
2003 4 2 -2.2 2.7 6.6 -1 0 4.9 
2003 4 3 1.1 3.8 6.1 -1 3 5.3 
2003 4 4 -1.1 1.1 2.7 -1 8 8.9 
2003 4 5 -1.6 0.5 2.7 -1 0 8.0 
2003 4 6 -1.1 2.2 6.1 -1 3 9.3 
2003 4 7 -2.2 0.5 3.8 -1 0 5.8 
2003 4 8 -1.1 0.5 2.2 51 0 9.8 
2003 4 9 1.1 1.6 3.3 -1 3 5.8 
2003 4 10 -1.1 2.7 6.6 -1 0 5.3 
2003 4 11 -0.5 3.8 6.6 -1 25 8.0 
2003 4 12 1.6 7.7 16.1 -1 43 8.4 
2003 4 13 4.4 8.8 16.1 -1 10 6.7 
2003 4 14 2.7 7.2 13.8 -1 0 8.4 
2003 4 15 7.7 15.5 26.6 -1 0 8.9 
2003 4 16 7.2 18.3 29.4 -1 0 9.8 
2003 4 17 -1.1 2.7 9.4 -1 0 9.3 
2003 4 18 -1.1 2.2 6.1 -1 0 6.2 
2003 4 19 -0.5 5.0 8.8 -1 0 5.3 
2003 4 20 2.2 6.6 11.1 -1 0 5.3 
2003 4 21 2.2 7.7 12.2 -1 0 9.8 
2003 4 22 4.4 8.3 12.2 -1 3 5.3 
2003 4 23 6.1 8.3 11.1 -1 13 5.8 
2003 4 24 2.7 6.6 11.1 -1 0 8.9 
2003 4 25 2.7 8.3 16.1 -1 0 6.7 
2003 4 26 2.7 8.8 16.1 -1 0 9.8 
2003 4 27 6.1 8.8 13.8 -1 20 9.8 
2003 4 28 6.1 15.0 26.1 -1 0 8.4 
2003 4 29 7.2 20.0 27.2 -1 0 6.7 
2003 4 30 10.5 13.3 27.2 -1 0 8.0 
2003 5 1 8.8 12.2 16.6 -1 3 8.9 
2003 5 2 9.4 17.7 24.4 -1 0 8.4 
2003 5 3 7.7 10.0 11.6 -1 0 8.9 
2003 5 4 5.5 10.5 15.0 -1 0 4.9 
2003 5 5 5.5 12.2 17.2 -1 0 6.7 
2003 5 6 7.2 10.5 17.2 -1 0 5.3 
2003 5 7 8.8 15.5 25.0 -1 0 5.8 
2003 5 8 7.7 10.5 16.1 -1 3 6.2 
2003 5 9 7.7 11.1 16.1 -1 3 5.3 
2003 5 10 7.2 13.8 23.3 -1 0 6.2 
2003 5 11 8.8 11.1 13.8 -1 3 7.1 
2003 5 12 7.2 8.8 11.1 -1 5 7.1 
2003 5 13 7.2 11.1 16.6 -1 0 5.3 
2003 5 14 7.7 12.2 18.3 -1 3 5.8 
2003 5 15 7.2 11.1 18.3 -1 0 5.8 
2003 5 16 7.2 8.8 9.4 -1 0 8.4 
2003 5 17 6.1 7.7 9.4 -1 0 6.7 
2003 5 18 3.8 10.0 17.7 -1 0 3.5 
2003 5 19 3.8 16.6 23.8 -1 0 4.9 
2003 5 20 10.5 18.3 27.7 -1 0 6.7 
2003 5 21 10.5 16.6 27.7 -1 3 5.3 
2003 5 22 10.0 12.7 21.1 -1 3 6.2 
2003 5 23 8.8 9.4 13.3 -1 5 5.8 
2003 5 24 7.7 8.3 10.5 -1 5 6.2 
2003 5 25 7.7 10.0 12.7 -1 10 7.1 
2003 5 26 7.7 11.1 12.7 -1 0 8.0 
2003 5 27 7.7 10.5 13.8 -1 30 8.0 
2003 5 28 8.8 14.4 18.8 -1 38 4.9 
2003 5 29 11.6 17.2 23.3 -1 38 6.7 
2003 5 30 11.6 17.7 23.8 -1 0 5.3 
2003 5 31 13.3 17.7 23.8 -1 0 5.3 
2003 6 1 11.6 13.8 21.1 -1 5 8.9 
2003 6 2 11.1 16.1 22.2 -1 28 8.4 
2003 6 3 11.1 18.3 22.7 -1 0 6.7 
2003 6 4 11.6 15.5 22.7 -1 0 5.8 
2003 6 5 11.6 13.3 17.2 -1 5 4.9 
2003 6 6 11.6 20.0 27.2 -1 0 6.2 
2003 6 7 15.0 18.3 27.2 -1 20 4.0 
2003 6 8 12.7 15.0 20.0 -1 20 6.2 
2003 6 9 12.7 13.8 17.7 -1 0 3.5 
2003 6 10 13.3 19.4 26.1 -1 0 6.2 
2003 6 11 15.0 20.0 26.1 -1 5 7.1 
2003 6 12 15.0 18.8 25.0 -1 5 5.3 
2003 6 13 12.7 14.4 21.6 -1 0 5.3 
2003 6 14 12.7 15.5 22.7 -1 5 4.9 
2003 6 15 12.2 16.6 22.7 -1 0 4.9 
2003 6 16 11.6 13.8 22.7 -1 0 6.2 
2003 6 17 10.0 14.4 22.7 -1 0 6.2 
2003 6 18 10.0 16.1 22.7 -1 5 6.2 
2003 6 19 13.8 20.0 23.8 -1 0 3.5 
2003 6 20 15.5 18.3 23.8 -1 0 6.2 
2003 6 21 13.8 16.1 18.8 -1 0 3.5 
2003 6 22 13.8 15.0 18.8 -1 5 6.7 
2003 6 23 13.8 15.5 19.4 -1 46 4.0 
2003 6 24 13.8 18.8 26.1 -1 0 5.8 
2003 6 25 17.7 25.5 31.6 -1 0 4.0 
2003 6 26 17.7 27.7 31.6 -1 0 3.5 
2003 6 27 22.7 26.6 33.8 -1 0 6.2 
2003 6 28 20.5 24.4 33.8 -1 0 6.2 
2003 6 29 17.7 22.2 26.6 -1 0 5.3 
2003 6 30 18.3 23.8 30.5 -1 0 6.2 
2003 7 1 17.7 23.3 30.5 -1 0 5.3 
2003 7 2 17.7 22.7 28.3 -1 0 5.8 
2003 7 3 18.3 23.3 27.2 -1 0 7.1 
2003 7 4 18.3 23.8 31.6 -1 0 5.3 
2003 7 5 23.8 28.8 33.8 -1 0 7.1 
2003 7 6 23.8 29.4 33.8 -1 0 6.7 
2003 7 7 20.5 25.0 33.8 -1 0 5.3 
2003 7 8 20.0 26.1 32.7 -1 0 6.2 
2003 7 9 18.8 24.4 29.4 -1 3 5.8 
2003 7 10 15.0 19.4 27.2 -1 0 5.8 
2003 7 11 15.0 17.7 22.2 -1 0 4.9 
2003 7 12 15.0 20.5 29.4 -1 5 7.1 
2003 7 13 18.8 23.8 28.8 -1 0 6.7 
2003 7 14 17.7 22.2 29.4 -1 0 4.0 
2003 7 15 17.2 21.1 24.4 -1 0 6.7 
2003 7 16 16.6 20.0 25.5 -1 0 7.1 
2003 7 17 16.6 22.7 27.7 -1 0 4.9 
2003 7 18 18.8 23.3 27.7 -1 5 8.4 
2003 7 19 18.8 21.6 27.2 -1 15 4.0 
2003 7 20 17.7 22.7 28.8 -1 0 4.9 
2003 7 21 18.3 23.8 28.8 -1 0 7.1 
2003 7 22 18.8 25.0 29.4 -1 8 8.4 
2003 7 23 21.1 24.4 29.4 -1 15 6.7 
2003 7 24 21.1 23.8 28.3 -1 5 8.0 
2003 7 25 20.5 24.4 30.0 -1 0 5.8 
2003 7 26 19.4 26.1 31.1 -1 0 6.7 
2003 7 27 22.7 26.1 31.6 -1 0 8.9 
2003 7 28 21.1 26.1 31.6 -1 0 6.7 
2003 7 29 18.3 22.7 28.8 -1 0 5.3 
2003 7 30 17.7 21.6 26.6 -1 0 5.8 
2003 7 31 16.6 20.0 27.7 -1 0 5.3 
2003 8 1 16.1 17.7 22.7 -1 23 5.3 
2003 8 2 15.5 18.3 21.1 -1 15 3.5 
2003 8 3 17.7 21.1 27.2 -1 5 4.9 
2003 8 4 17.7 22.7 27.2 -1 8 7.5 
2003 8 5 21.1 24.4 28.8 -1 3 5.8 
2003 8 6 21.1 25.0 30.0 -1 0 6.7 
2003 8 7 20.0 22.7 30.0 -1 0 4.9 
2003 8 8 19.4 21.6 26.1 -1 25 4.0 
2003 8 9 20.0 23.8 28.3 -1 0 4.0 
2003 8 10 20.5 25.5 30.0 -1 0 7.1 
2003 8 11 21.6 25.5 31.1 -1 5 11.1 
2003 8 12 21.1 23.8 31.1 -1 0 5.3 
2003 8 13 18.8 23.3 30.5 -1 0 6.7 
2003 8 14 22.7 26.6 31.6 -1 3 6.7 
2003 8 15 20.5 25.0 31.6 -1 0 5.3 
2003 8 16 20.5 26.6 31.6 -1 0 6.7 
2003 8 17 20.0 22.7 31.6 -1 0 5.8 
2003 8 18 18.3 20.5 23.8 -1 0 4.0 
2003 8 19 18.8 23.3 31.1 -1 0 5.3 
2003 8 20 21.1 26.1 32.2 -1 0 3.5 
2003 8 21 20.5 27.7 32.2 -1 0 4.9 
2003 8 22 22.7 27.2 33.8 -1 0 6.2 
2003 8 23 20.5 24.4 33.8 -1 0 6.7 
2003 8 24 15.5 20.0 28.8 -1 0 8.4 
2003 8 25 15.5 21.6 27.7 -1 0 5.3 
2003 8 26 17.7 22.7 27.7 -1 0 4.9 
2003 8 27 19.4 25.5 30.5 -1 0 8.0 
2003 8 28 17.7 22.2 26.6 -1 0 5.3 
2003 8 29 15.0 21.1 27.7 -1 0 7.1 
2003 8 30 15.0 25.0 28.8 -1 0 6.7 
2003 8 31 12.7 17.2 28.8 -1 0 5.3 
2003 9 1 12.7 17.7 21.1 -1 0 5.8 
2003 9 2 13.8 16.6 21.1 -1 8 4.9 
2003 9 3 13.8 16.6 20.0 -1 3 6.2 
2003 9 4 15.0 18.3 23.3 -1 8 5.3 
2003 9 5 16.6 20.0 23.3 -1 3 3.5 
2003 9 6 14.4 18.8 23.3 -1 0 4.9 
2003 9 7 14.4 20.5 27.2 -1 0 3.5 
2003 9 8 15.0 19.4 27.2 -1 0 5.8 
2003 9 9 13.3 16.1 21.1 -1 0 6.7 
2003 9 10 9.4 15.5 21.6 -1 0 4.9 
2003 9 11 16.1 18.8 23.3 -1 0 5.8 
2003 9 12 14.4 16.6 22.7 -1 0 10.2 
2003 9 13 13.8 16.6 21.1 -1 0 6.2 
2003 9 14 14.4 20.0 24.4 -1 0 3.5 
2003 9 15 17.2 20.5 23.3 -1 0 5.8 
2003 9 16 17.7 21.1 26.6 -1 13 4.9 
2003 9 17 15.0 19.4 26.6 -1 0 5.8 
2003 9 18 13.8 17.7 21.1 -1 0 8.0 
2003 9 19 17.2 19.4 23.3 -1 5 7.1 
2003 9 20 17.7 23.8 28.3 -1 0 5.3 
2003 9 21 16.1 20.5 28.3 -1 0 4.0 
2003 9 22 15.0 18.3 22.2 -1 0 4.0 
2003 9 23 16.6 18.8 23.8 -1 28 9.3 
2003 9 24 14.4 18.8 23.8 -1 28 6.2 
2003 9 25 13.8 18.8 25.0 -1 0 7.1 
2003 9 26 14.4 18.3 25.0 -1 0 4.9 
2003 9 27 16.1 18.3 21.1 -1 0 6.2 
2003 9 28 16.6 18.3 21.6 -1 0 4.9 
2003 9 29 13.8 17.7 22.2 -1 3 6.2 
2003 9 30 11.1 15.0 18.8 -1 0 6.2 
2003 10 1 8.3 13.8 19.4 -1 0 4.9 
2003 10 2 10.0 13.3 17.7 -1 3 8.9 
2003 10 3 5.0 9.4 17.7 -1 0 6.7 
2003 10 4 5.0 11.6 16.6 -1 3 8.0 
2003 10 5 7.2 11.6 16.6 -1 3 6.7 
2003 10 6 6.1 10.5 16.1 -1 0 5.8 
2003 10 7 5.0 11.1 16.6 -1 0 5.3 
2003 10 8 5.0 15.0 23.3 -1 0 5.8 
2003 10 9 10.0 17.2 23.3 -1 0 5.3 
2003 10 10 10.5 13.8 21.6 -1 0 3.5 
2003 10 11 10.5 12.7 16.6 -1 0 4.9 
2003 10 12 10.0 12.7 15.0 -1 51 5.3 
2003 10 13 10.0 16.6 21.1 -1 43 7.1 
2003 10 14 8.3 13.8 22.2 -1 0 6.2 
2003 10 15 8.3 15.5 17.7 -1 36 14.3 
2003 10 16 7.7 12.2 17.7 -1 0 11.6 
2003 10 17 7.7 11.1 16.6 -1 0 5.3 
2003 10 18 6.6 10.0 14.4 -1 3 4.0 
2003 10 19 5.0 6.6 12.7 -1 0 4.0 
2003 10 20 2.2 6.6 12.2 -1 0 5.3 
2003 10 21 2.2 13.8 21.1 -1 0 9.8 
2003 10 22 5.5 8.3 21.1 -1 0 5.8 
2003 10 23 2.2 3.8 6.1 -1 0 6.7 
2003 10 24 1.6 4.4 8.8 -1 0 6.7 
2003 10 25 0.5 6.6 13.3 -1 0 7.1 
2003 10 26 8.8 12.7 16.6 -1 0 8.9 
2003 10 27 15.0 16.6 18.8 -1 15 7.1 
2003 10 28 10.0 12.7 18.8 -1 10 8.0 
2003 10 29 10.0 14.4 21.1 -1 23 10.2 
2003 10 30 7.7 11.6 21.1 -1 15 7.1 
2003 10 31 6.1 11.6 18.3 -1 0 5.8 
2003 11 1 6.1 16.6 24.4 -1 0 5.3 
2003 11 2 11.1 15.0 22.2 -1 0 5.3 
2003 11 3 11.1 13.3 18.3 -1 8 4.9 
2003 11 4 6.6 9.4 18.3 -1 0 7.1 
2003 11 5 5.0 7.2 11.1 -1 0 6.7 
2003 11 6 5.0 11.6 14.4 -1 10 5.8 
2003 11 7 8.8 10.5 14.4 -1 -1 4.0 
2003 11 8 1.1 6.1 11.1 -1 0 8.4 
2003 11 9 -2.7 0.5 4.4 -1 0 7.1 
2003 11 10 -2.2 2.2 8.8 -1 0 4.0 
2003 11 11 -2.2 4.4 8.8 -1 3 3.5 
2003 11 12 0.0 9.4 11.1 -1 5 5.3 
2003 11 13 6.1 11.1 14.4 -1 3 11.1 
2003 11 14 1.1 3.3 6.1 -1 3 12.5 
2003 11 15 0.0 2.7 6.6 -1 0 9.3 
2003 11 16 -0.5 3.3 8.3 -1 0 6.7 
2003 11 17 -0.5 5.0 8.3 -1 0 3.1 
2003 11 18 1.6 5.5 9.4 -1 0 4.9 
2003 11 19 1.6 8.8 14.4 -1 0 6.7 
2003 11 20 6.1 11.6 15.5 -1 3 8.9 
2003 11 21 6.1 7.7 10.0 -1 10 7.1 
2003 11 22 5.5 7.7 11.1 -1 0 4.9 
2003 11 23 -5.0 5.0 10.5 -1 0 3.5 
2003 11 24 1.6 5.5 9.4 -1 0 4.9 
2003 11 25 1.6 7.2 9.4 -1 5 11.1 
2003 11 26 0.0 3.8 8.8 -1 0 5.8 
2003 11 27 0.0 6.6 8.3 -1 0 3.5 
2003 11 28 4.4 6.6 9.4 -1 3 3.5 
2003 11 29 3.8 10.0 17.2 -1 15 14.7 
2003 11 30 2.7 4.4 8.3 -1 0 8.9 
2003 12 1 3.3 7.2 10.0 -1 0 9.8 
2003 12 2 -7.2 -0.5 3.8 -1 0 9.8 
2003 12 3 -8.8 -5.5 -1.1 -1 0 9.8 
2003 12 4 -6.1 -2.7 1.6 -1 0 6.2 
2003 12 5 -7.2 -3.8 1.6 -1 0 9.3 
2003 12 6 -7.2 -0.5 1.1 231 3 14.3 
2003 12 7 -3.8 -2.7 1.1 429 15 11.6 
2003 12 8 -3.3 -1.1 2.2 429 0 7.1 
2003 12 9 -5.0 -1.6 2.2 381 0 4.0 
2003 12 10 -1.1 1.6 3.8 300 0 3.1 
2003 12 11 2.7 5.5 8.8 180 18 9.8 
2003 12 12 2.2 4.4 8.3 51 13 11.1 
2003 12 13 -3.8 -0.5 2.2 51 0 6.7 
2003 12 14 -8.3 -5.0 1.1 150 3 10.2 
2003 12 15 -8.3 1.6 5.0 79 38 12.5 
2003 12 16 -2.2 0.5 6.1 51 0 11.1 
2003 12 17 -2.2 5.0 12.2 30 0 9.3 
2003 12 18 0.0 4.4 12.2 -1 10 11.6 
2003 12 19 -1.1 1.1 6.1 -1 0 7.1 
2003 12 20 -1.1 1.1 5.0 -1 0 4.0 
2003 12 21 -6.1 -1.6 1.1 -1 0 6.7 
2003 12 22 -5.5 4.4 10.0 -1 0 6.2 
2003 12 23 1.1 6.6 12.2 -1 0 4.9 
2003 12 24 3.3 10.0 14.4 -1 10 6.7 
2003 12 25 6.6 10.5 14.4 -1 10 8.0 
2003 12 26 0.5 2.2 12.2 -1 0 9.8 
2003 12 27 1.1 4.4 8.8 -1 0 9.3 
2003 12 28 -1.1 4.4 11.6 -1 0 5.3 
2003 12 29 -1.1 7.2 14.4 -1 0 4.9 
2003 12 30 2.2 7.7 14.4 -1 0 -1.0 
2003 12 31 2.7 5.0 6.6 -1 0 8.4 